750
1
28
998
997
0 993
996 981
977 973
992
999 991
986
987
995 982
994
975
988 968
812
983
966
924
970
972
964
962
971
978
926
990 918
974 961
969
985 949
956 947
965 960
193
944
942
976
967 934
984 979
954
939
936
951
952 945
963
847 932
950
946 943
915 753
931
953 929
941 912
825 958
989
933
937 930
927 957
935
938
925
928 882
923
959
914
980 903
908
922
955
919 898
920 901
826
916 894
921
896
889
899
917
874
906
887
892 765
895
867
886
913
877
904 796
907
759 876
875
888
890
881 868
865
873 858
909 885
893
626
940 871
565
854
911 846
910 883
878
880
837 857
905
850
866 832
860
855
863
872 841
948
852
870
799
843
851
859
849
856 789
701 862
891 884
900
853 833
848
845
830
842
861 808
509
879 840
835 897
822
838 182
864
869
836
831
802
821
807
814 686
839
844
823
820
817 813
713
786
777
815
771
827
829
804
775
809
779
792
803
819
791
757
745
790
742
768
787
761
785
797 731
824 788
811
801 763
780
658
691
667
735 234
834 818
805 795
705 782
810 800
769 726
828 798
783 774
767
716 744
806 770
740 816
756
760 482
730
741
764
773 620
776
736
733
772
729
747
724
727
755
743
746
723
734
794 339
739
778
690
762 670
902 721
469 717
752 590
751 737
706
728
732
754
784
766
750 710
432 781
725
481 720
718
719
665 709
748
614
679
793 295
676 666
707
557
758 703
708
672
668 653
702
712
714 617
698 697
715 700
688
663
644
695 633
711 685
671
704
656
693
659 582
680
684 657
687
692
669
683 643
675 674
652
647
645
654
646
660 628
738
635 632
655
677
641
650
661 631
637 636
638
664 622
722
694
630 619
640
382 599
621
678
606
627
604
596
567
682
613
594
639
689 577
616
699 651
605
591
618 513
642
538
570
588
629
555
611
623
610
540
592
648
649
584
575
578 263
681 634
396
602
401 595
662 608
624 615
749 612
457
607 589
601 438
600 598
585 581
597
609 586
580 563
593
514
576
560
559
561
533
546
574
549
460
550
556
526
569
515
497
536
539
516
520
530
551
541
519
571 478
673 603
572 535
553 552
625 562
579 558
554
564 543
573 518
500
503 492
470 583
696 522
544 534
566 490
450
542 511
508
488
493
512 471
532
507
430
504
548 496
499
502
479
531
510 417
524 498
444 8
587 527
568 525
529 422
435
463
304 501
528 494
480
487 414
547 495
545 475
505
485
477
452 331
456
483
154
466 464
439
442
441
436
472
473
451
406
446
440
468
443 434
416
506
334
467
462
429
459 409
517 474
489
523 461
352
449 424
411
458 372
537 521
491
318 134
179
364
455 415
431
447 399
448
386 402
453
361
433
425
412
389
423
379
404
421
387
393
391
397
381
484 102
486
104 383
445 413
437 392
476 465
410 407
400
377
374
349
340
286
332
370
378
346
314
367
302
356
354
405 280
408 375
227 454
288 173
395 373
385 363
384 345
420
301
369
148
380
255
267
348
351
357
317
232
313
347
329
333
320
328
296
166
342
362
327 169
426 394
388 368
427 376
358
359 355
225
428 365
419 335
341 324
330 306
312
249 307
196
323
344 231
398 371
366 343
300
337 321
275
294
299
278
336 259
315
418 131
111
20 290
309
325
360
390 353
319
311
326
287
322 285
272
403 236
247
305
338 297
298
216
350 262
205
260
265
289 246
281
228
251
283
316
284
254
279
271 248
292
268
270 253
269 266
261
303
282
238 224
277
243 215
273 256
229
291 226
235
310 172
293
198 162
230
233
245
241
242 221
252 207
239
202
201
219
222
213
197
217
187
184
257 153
212
237 190
204 200
159
308
140
163 150
274
203
208
117 183
240
181
211
258
210
206 165
61 264
276
186
199 133
189
191 138
209
244 128
92
174
250 76
195 161
178
188 93
185 175
145
177
112
139
113
90
118 91
167
171 158
164
176
168 146
220
160 152
48
218 214
142
155 116
126 223
180 115
135
143 82
156 147
170
151 129
194
103
141
122
108 97
192
66 130
149
125
24
109
144 101
38
137 114
120
127
17
136
121
81
99 67
31 30
95 94
107
157 71
119 84
132
7
106
41
98
100
89
75
60
22
83
50
35
70
87
78
74
14
45
11
62
19
110
43
80 68
105 85
77
124 64
88 65
79 12
51 36
73
96 69
49 40
63
123 55
42
47 27
72 57
33
21
5
34
39
29
15 52
9
10 2
32 59
13
23
44 6
26 18
25
37 46
53 54
16
3
4
56
86 58